%YAML:1.0
---
image_width: 1920
image_height: 1080
camera_matrix: !!opencv-matrix
   rows: 3
   cols: 3
   dt: d
   data: [ 1.3688178735114370e+03, 0., 9.2938043863534756e+02, 0.,
       1.3727305864116001e+03, 5.6206873918209806e+02, 0., 0., 1. ]
dist_coeffs: !!opencv-matrix
   rows: 1
   cols: 14
   dt: d
   data: [ -1.2325728492613074e+01, 8.0448268048482092e+01,
       3.0190901974319899e-03, -3.0100751044471875e-03, 0.,
       -1.2348518830517312e+01, 8.0714401420345496e+01,
       -7.2276602422742076e-01, 0., 0., 0., 0., 0., 0. ]
