%YAML:1.0
---
image_width: 1920
image_height: 1080
camera_matrix: !!opencv-matrix
   rows: 3
   cols: 3
   dt: d
   data: [ 1.3673438052276758e+03, 0., 9.3472307207831909e+02, 0.,
       1.3710888589341134e+03, 5.6061863866913620e+02, 0., 0., 1. ]
dist_coeffs: !!opencv-matrix
   rows: 1
   cols: 5
   dt: d
   data: [ 2.8127166738971442e-02, -3.6826832809762960e-01,
       2.6549165061341942e-03, -2.2716213892288312e-03,
       1.0829431243509751e+00 ]
